50
19
2;3;4;9;16;17;21;22;24;30;32;37;41;42;46;
3;4;6;7;9;14;15;24;26;27;30;32;34;36;39;40;43;47;48;
6;18;20;21;27;34;38;39;41;42;47;48;50;
7;11;16;17;18;21;22;33;35;39;43;47;
1;2;3;5;8;9;11;13;17;19;20;21;24;25;26;27;29;35;39;42;43;46;48;49;
1;4;7;8;11;12;19;20;23;27;28;34;35;37;38;41;42;47;
2;6;9;10;12;16;21;29;32;33;36;37;39;42;43;46;48;50;
2;3;5;8;9;11;12;15;17;18;23;27;28;32;33;35;37;42;44;47;
6;11;12;13;20;21;23;25;30;33;34;37;40;45;
2;5;6;7;8;9;15;16;19;26;29;31;34;35;37;46;50;
1;2;6;12;13;14;16;19;26;32;33;37;38;39;43;45;47;50;
1;6;10;14;17;20;22;25;27;32;36;40;43;45;
2;6;9;12;17;20;22;24;26;29;35;37;42;43;45;46;50;
4;10;15;22;25;32;41;43;46;47;48;
2;4;10;12;13;14;18;20;21;22;27;30;31;35;44;45;48;
1;2;6;8;9;11;12;14;15;24;26;27;28;30;42;43;44;46;47;
1;18;20;21;22;28;29;31;32;37;38;39;41;46;50;
1;3;5;7;11;14;15;16;17;18;29;33;41;43;47;
5;7;9;10;15;21;22;29;34;37;42;
