100
41
33;34;27;39;32;35;44;35;33;28;35;26;34;38;34;36;33;29;39;41;33;35;29;33;44;30;26;28;36;27;37;30;28;41;31;33;31;31;33;31;33;
0;3;4;9;12;15;16;18;19;21;22;23;25;26;28;32;36;37;43;53;56;60;63;65;72;80;84;85;89;91;93;94;97;
2;3;6;11;14;15;17;18;19;20;21;25;27;28;30;31;33;35;37;39;41;46;47;59;61;65;69;72;73;81;86;92;95;97;
2;11;25;29;32;35;37;39;45;47;49;51;53;61;66;68;69;73;80;81;82;86;89;93;96;98;99;
18;20;26;27;28;29;30;32;38;39;41;43;44;46;47;48;49;50;52;55;57;58;62;64;66;67;69;71;72;73;78;81;84;88;92;93;94;97;99;
0;1;4;5;7;10;11;22;24;26;27;30;42;52;56;60;61;63;66;74;82;83;84;85;88;89;91;92;94;96;98;99;
5;8;9;12;14;15;22;23;27;28;29;31;35;38;39;44;48;52;54;57;61;64;67;68;69;71;73;74;77;78;81;88;92;93;95;
0;5;6;10;12;16;18;20;21;24;27;28;30;31;33;35;37;39;40;44;45;49;51;55;58;60;63;64;65;66;68;70;71;75;76;77;78;79;82;86;90;91;92;99;
1;7;11;14;15;17;21;23;26;28;29;34;38;40;42;45;46;48;49;55;56;57;60;64;66;68;73;75;79;86;89;90;94;95;97;
1;4;11;16;20;21;23;24;34;40;43;44;46;49;51;58;60;63;64;67;71;72;73;76;77;82;84;85;87;89;91;94;96;
0;5;7;10;11;13;14;17;20;23;24;29;36;39;40;46;49;59;62;65;74;79;81;87;91;94;95;97;
0;2;4;6;12;17;19;20;21;23;24;25;27;28;31;35;43;44;48;52;54;57;60;62;63;70;72;73;75;78;79;80;85;89;99;
1;5;7;15;22;29;30;34;44;48;53;55;65;68;71;75;76;82;84;86;89;90;91;92;93;95;
3;4;5;6;7;8;11;14;18;27;29;30;31;34;38;45;46;60;61;62;65;69;71;72;74;75;77;81;84;85;87;91;92;96;
0;1;2;3;5;13;21;26;28;29;32;34;40;42;45;46;48;51;52;56;58;59;67;72;73;74;75;77;78;79;84;85;86;90;92;95;98;99;
1;6;8;10;12;13;15;21;23;24;36;37;38;40;43;50;51;55;61;66;68;69;72;73;76;78;81;82;84;87;88;90;93;99;
0;1;4;8;10;15;23;25;26;29;31;43;44;46;47;50;51;53;55;66;68;69;73;77;79;81;83;85;89;91;93;94;95;97;98;99;
0;2;4;10;13;15;19;20;23;28;30;31;34;40;41;47;50;52;54;59;62;64;67;68;71;73;75;78;83;86;92;96;98;
0;3;4;7;8;20;23;27;29;30;33;37;43;47;53;54;62;63;69;71;76;78;83;88;89;92;95;98;99;
3;4;6;9;10;18;19;20;28;29;31;32;34;39;40;42;43;45;48;49;51;52;53;57;59;62;63;64;68;74;75;79;81;82;83;86;92;93;94;
0;6;12;13;20;25;26;27;28;29;32;34;35;36;37;40;41;42;43;44;46;47;53;58;59;60;63;64;67;74;75;81;83;89;91;92;93;94;95;97;99;
1;3;5;6;13;14;22;23;24;25;26;29;31;33;34;37;38;42;43;44;45;47;52;61;63;70;79;81;83;90;94;96;98;
3;4;5;7;8;11;12;20;21;22;23;31;36;37;45;46;47;48;49;50;56;59;66;69;71;74;76;79;87;91;92;94;95;96;97;
2;5;6;7;9;11;12;15;17;18;19;30;32;35;44;46;50;63;67;68;75;79;83;84;90;92;94;95;97;
1;4;7;9;10;11;16;22;23;26;28;30;32;33;34;35;40;41;43;44;46;55;56;61;68;80;81;83;85;86;88;91;96;
0;4;7;8;10;12;16;19;20;21;22;23;24;25;26;27;28;29;31;33;35;37;38;40;42;43;47;48;51;53;54;57;67;68;69;70;80;84;88;90;91;95;97;98;
0;1;2;4;6;8;9;12;13;15;17;22;23;26;27;34;39;40;41;52;62;63;71;72;82;87;88;91;94;96;
0;7;10;15;20;22;28;29;38;42;48;56;57;58;60;61;66;70;71;74;79;82;86;87;94;95;
6;8;9;11;12;13;15;21;22;28;32;35;44;46;47;54;56;57;62;76;80;83;84;91;92;96;98;99;
0;2;7;8;11;12;14;16;19;23;25;27;41;44;46;49;51;55;56;58;60;61;62;63;66;73;78;79;83;84;86;87;91;94;96;99;
0;8;11;18;24;26;31;33;35;37;41;44;45;47;51;57;60;68;70;71;84;89;90;94;96;97;98;
5;6;9;12;13;14;17;19;26;30;31;35;39;40;41;42;43;44;47;49;51;52;57;59;60;69;70;73;75;77;78;83;84;89;96;98;99;
0;2;4;10;11;15;21;23;27;28;31;33;42;43;51;52;53;55;65;67;68;74;79;80;81;85;89;92;95;96;
0;1;6;8;9;14;15;17;19;20;21;24;27;33;34;39;44;49;57;58;62;67;68;69;72;76;98;99;
2;3;8;9;13;14;15;16;17;19;23;26;28;36;37;38;39;43;45;46;50;52;56;57;58;59;62;64;67;70;74;77;78;82;86;87;88;90;93;94;99;
0;8;10;16;21;25;33;38;44;47;51;56;58;65;66;67;68;69;70;71;72;73;77;79;80;84;85;86;89;90;97;
3;7;10;11;12;18;21;25;29;30;31;33;34;37;39;43;46;49;51;56;58;60;61;67;69;78;85;86;91;93;94;95;96;
2;4;7;13;14;25;29;30;34;36;43;45;46;48;51;52;53;54;61;65;69;70;71;73;75;77;80;81;82;84;86;
5;6;14;18;19;22;23;25;31;32;39;42;45;50;53;57;64;68;69;70;72;74;81;82;84;89;91;92;93;96;98;
0;1;3;4;6;12;14;15;18;23;26;28;32;42;43;48;51;53;55;57;65;67;69;70;71;73;74;81;89;90;91;96;97;
1;2;6;7;12;13;17;19;23;24;27;36;39;40;43;44;49;50;52;53;55;60;61;63;75;78;85;89;90;95;96;
1;6;7;10;13;22;25;29;30;35;40;41;42;45;48;49;50;53;58;59;62;69;70;76;77;80;87;88;91;94;96;97;99;
0.177226
0.153031
0.010825
0.131591
0.128854
0.026903
0.288128
0.125704
0.000000
0.122746
0.221124
0.000000
0.156273
0.085383
0.219940
0.026064
0.120844
0.093892
0.034601
0.117349
0.000000
0.068894
0.027356
0.205075
0.259338
0.055135
0.000000
0.178799
0.000000
0.000000
0.067166
0.000000
0.000536
0.227203
0.000000
0.000000
0.099100
0.028298
0.003497
0.000000
0.149810
