40
14
11;11;11;16;13;16;19;16;12;13;15;12;10;12;
2;3;4;9;12;15;25;32;34;37;38;
9;10;12;13;15;18;19;25;32;33;36;
1;4;6;7;9;15;18;19;26;28;30;
1;6;10;14;17;19;20;25;27;28;32;33;36;37;38;39;
1;2;5;11;12;13;14;18;29;32;34;36;38;
0;3;4;7;10;11;14;15;17;18;19;20;21;22;29;30;
0;1;4;9;11;12;13;20;21;22;23;25;29;30;31;34;35;36;37;
0;3;5;6;11;17;19;20;22;23;25;27;28;30;31;33;
4;6;7;8;10;12;13;14;15;23;24;26;
6;10;14;15;20;21;22;30;31;34;35;37;38;
1;2;3;4;6;10;12;15;19;23;24;31;36;37;38;
4;6;16;17;18;23;24;31;32;36;37;38;
1;3;9;10;14;17;18;21;24;33;
2;5;10;11;14;16;21;25;35;36;37;39;
0.000000
0.000000
0.000000
0.333333
0.333333
0.000000
0.666667
0.666667
1.000000
0.000000
0.000000
0.333333
0.333333
0.666667
