179
70
57;62;44;54;69;60;55;69;61;53;55;66;54;58;58;58;57;58;50;63;62;62;63;60;66;64;54;58;58;59;61;67;57;52;66;58;60;55;55;63;64;59;77;51;56;60;56;48;59;57;56;67;49;51;57;59;54;68;72;61;72;58;59;54;50;68;64;61;66;66;
0;1;0;0;0;1;0;1;1;0;0;0;1;1;1;0;0;0;0;0;0;0;0;0;1;1;0;0;0;0;0;1;1;0;1;1;0;0;0;0;1;1;0;0;0;0;1;0;1;0;0;1;1;0;0;0;1;0;0;1;1;0;0;1;1;1;0;0;1;1;
1;0;0;0;0;0;0;0;0;1;1;0;1;0;0;0;0;0;0;0;0;0;0;1;1;0;0;1;0;1;0;1;1;0;1;1;0;0;0;0;0;0;0;1;0;1;0;0;0;0;0;1;0;0;0;0;0;0;0;1;0;0;0;1;1;0;0;1;0;0;
1;0;0;0;0;0;0;0;0;1;0;0;0;0;0;1;0;1;0;0;0;1;1;0;0;0;0;0;0;0;1;1;0;1;0;0;1;1;0;1;0;0;0;1;0;0;0;0;0;0;0;0;1;1;0;0;0;0;0;0;1;0;0;1;0;1;0;1;0;0;
0;1;1;0;0;0;0;0;1;0;0;1;1;0;0;0;0;0;0;0;1;0;0;0;0;0;0;0;1;0;1;0;0;0;0;0;1;0;1;0;1;1;1;1;1;1;0;0;1;1;0;0;0;0;0;0;1;1;0;0;1;1;0;0;0;0;0;1;0;1;
1;0;0;0;1;1;1;0;1;0;1;1;0;1;0;0;1;0;1;1;1;0;0;1;1;0;1;1;0;0;0;0;0;0;1;0;0;0;1;1;0;0;0;0;0;1;0;0;1;1;0;0;0;1;1;1;0;1;1;0;1;1;0;0;0;0;0;0;0;0;
0;1;1;0;1;1;0;1;0;1;0;0;0;1;0;1;0;1;0;1;0;1;1;0;1;1;1;0;0;1;0;0;0;1;0;0;0;0;1;0;0;0;0;0;0;0;0;1;1;0;0;0;1;1;1;0;0;0;0;0;0;1;1;0;0;1;1;0;0;1;
0;1;0;0;0;1;1;1;0;0;0;0;0;0;0;1;1;1;0;0;0;1;0;0;1;0;0;1;0;0;0;1;0;0;0;0;0;0;1;0;0;0;1;0;0;0;0;1;0;0;0;1;1;0;0;0;0;1;1;0;0;0;0;0;1;0;0;1;0;0;
0;1;0;0;0;1;0;0;1;0;0;0;1;0;0;0;1;0;0;0;0;0;1;0;0;0;0;1;1;0;0;0;1;1;1;0;0;1;1;0;1;0;0;0;1;0;0;0;0;1;0;0;0;1;0;0;0;0;1;0;1;0;0;0;1;1;0;1;0;0;
1;1;0;1;1;1;0;0;1;1;1;0;1;1;1;0;0;0;1;0;0;0;0;0;0;0;1;0;0;1;1;0;1;0;0;0;1;0;0;0;0;0;0;1;0;1;1;0;1;0;0;1;1;0;1;0;0;0;1;0;0;0;0;0;0;0;0;1;0;1;
1;0;1;1;0;0;0;0;1;1;0;0;0;1;0;0;0;0;1;1;0;1;0;0;0;0;0;1;0;1;0;1;0;1;0;0;1;0;0;0;1;0;0;0;0;0;0;0;1;1;0;0;0;0;0;1;1;0;0;0;1;0;1;0;0;0;0;0;0;0;
0;1;0;0;1;0;0;1;1;0;0;1;0;1;1;0;0;0;0;1;0;1;1;0;1;0;0;1;0;0;1;1;1;0;1;1;0;0;0;0;0;0;1;1;1;0;1;0;0;0;1;0;0;0;1;1;0;1;0;0;1;0;0;0;0;1;1;0;1;1;
0;1;0;0;0;0;0;0;0;1;0;1;1;0;0;1;0;1;0;0;0;1;0;0;0;0;1;1;0;0;0;0;0;1;1;0;0;1;0;0;0;0;0;0;1;0;1;0;0;1;0;0;0;0;0;0;0;0;0;1;0;1;0;0;0;0;0;0;0;0;
1;0;0;1;0;0;1;0;1;1;0;1;0;1;1;0;1;0;0;0;0;0;1;0;0;1;1;1;0;1;1;1;1;0;0;0;1;1;1;0;0;0;1;0;0;0;1;0;1;1;0;1;0;0;0;0;0;1;1;0;0;0;0;1;0;0;1;1;1;1;
0;1;1;1;0;0;1;1;0;1;0;1;0;1;0;0;0;0;0;0;1;0;1;0;0;1;0;0;0;1;0;0;1;0;1;1;1;0;0;0;1;0;0;0;0;1;1;0;0;0;0;1;1;1;1;0;0;1;1;0;1;1;0;0;0;1;1;1;0;1;
0;1;0;1;1;0;0;0;1;0;0;0;1;1;1;0;0;0;0;1;1;1;0;1;1;0;0;0;1;0;0;0;1;0;1;0;0;0;0;0;1;1;1;0;0;0;0;0;1;1;0;0;0;0;1;0;0;1;1;0;1;0;0;1;0;0;0;0;0;1;
1;0;0;0;0;1;1;0;1;0;0;1;1;0;0;0;0;1;1;0;1;0;0;0;1;0;0;0;0;0;1;1;0;0;1;0;0;0;0;0;0;0;1;0;1;0;0;1;1;0;1;0;0;0;0;0;0;0;1;0;0;0;0;0;0;1;0;1;0;1;
1;0;0;0;0;1;1;0;0;0;1;0;0;1;1;0;1;0;0;1;0;0;0;0;0;0;0;1;0;0;0;0;1;0;1;0;0;1;0;1;1;0;1;0;1;0;0;1;0;0;0;0;0;0;1;0;1;0;1;0;0;1;0;0;0;0;0;0;1;0;
1;0;0;0;0;0;0;1;0;0;1;0;0;1;0;1;0;0;1;0;1;0;1;0;0;1;0;0;1;1;0;1;0;0;1;0;0;0;1;1;0;0;1;0;1;0;1;0;0;0;0;1;0;1;1;0;0;1;0;1;0;0;0;0;0;0;0;0;0;0;
0;0;1;0;1;0;1;1;1;1;1;1;0;0;0;1;0;0;0;0;1;0;0;0;0;0;0;1;0;1;0;1;1;0;0;0;1;0;1;0;1;0;1;0;0;1;0;0;1;0;1;0;0;0;0;1;0;0;0;0;0;0;1;1;0;0;0;1;0;0;
1;1;0;0;0;1;1;1;0;0;0;1;0;0;0;0;0;0;0;0;0;0;0;0;0;1;1;0;0;1;0;1;0;0;1;0;1;0;1;0;0;1;0;1;0;0;0;0;0;1;0;0;0;0;0;0;1;0;0;1;0;0;0;1;0;0;0;0;0;1;
1;0;0;1;0;0;1;1;0;1;0;1;1;0;0;0;0;0;0;1;0;0;1;1;1;0;0;0;0;1;1;1;1;0;0;0;0;1;0;1;0;0;0;0;1;0;0;1;0;1;0;0;0;1;0;1;1;0;1;0;1;1;0;0;0;0;0;0;1;0;
0;1;1;0;1;0;0;1;1;1;0;1;1;1;0;1;0;1;1;0;0;0;1;1;1;0;0;0;0;1;0;0;1;0;0;0;1;1;1;0;0;0;1;0;0;1;0;1;0;0;1;1;1;0;0;0;0;1;0;0;0;0;1;1;0;0;1;0;0;0;
0;0;0;1;1;0;0;0;1;0;0;0;0;1;0;0;1;1;1;1;0;0;1;1;0;0;0;0;0;0;1;0;1;0;0;0;1;0;0;0;0;1;0;0;0;0;1;1;0;0;0;0;0;0;0;0;0;0;1;0;0;1;1;0;0;1;1;0;0;1;
0;0;0;0;0;0;1;1;0;0;0;0;0;0;0;1;0;0;1;0;0;0;0;1;0;0;0;0;0;0;0;0;1;1;1;1;0;0;1;0;0;1;1;0;0;1;0;0;1;0;0;0;0;0;1;1;0;0;0;0;1;1;1;0;0;0;1;0;1;0;
0;1;0;1;0;0;0;1;0;0;0;0;0;0;0;1;0;0;1;1;0;0;0;1;0;1;0;0;1;0;0;0;1;0;1;1;0;1;0;0;0;0;0;0;0;1;0;1;0;0;0;1;0;0;0;1;0;0;1;1;0;0;1;0;0;0;0;0;1;0;
0;1;0;1;1;1;0;0;0;0;1;0;0;0;1;0;0;1;0;0;0;0;1;1;0;1;1;1;1;0;0;0;1;0;0;0;0;0;1;0;0;0;0;0;0;0;0;0;0;1;0;1;0;0;0;0;0;1;1;0;1;1;1;0;0;0;1;0;0;0;
0;0;0;0;1;1;0;0;0;0;0;0;1;0;1;1;0;0;0;0;1;1;0;0;1;0;0;0;0;0;0;0;1;0;0;0;1;1;0;0;1;0;1;0;0;1;1;0;0;1;0;0;0;0;1;0;0;1;0;0;1;0;0;0;0;1;0;0;0;1;
1;1;0;0;1;0;1;0;0;0;0;0;0;0;0;1;0;0;0;0;0;0;0;1;0;0;0;0;0;0;1;1;1;1;1;0;0;1;0;0;1;0;0;1;0;0;0;0;0;1;0;0;1;0;1;1;1;0;0;1;1;0;0;0;1;0;0;1;0;1;
0;1;0;0;0;0;0;1;0;0;0;0;0;0;1;0;1;0;0;0;0;1;0;1;0;0;0;0;0;1;0;1;0;1;0;1;1;0;0;0;1;1;0;0;1;1;1;0;0;1;0;1;1;0;0;1;0;0;1;0;0;1;1;0;0;0;0;0;1;0;
0;0;0;0;0;0;0;0;0;1;0;0;0;1;0;0;0;1;1;1;1;0;0;0;1;1;1;0;1;0;0;1;0;0;0;1;0;0;0;0;0;0;0;0;0;1;0;0;0;1;1;1;0;0;0;0;1;1;0;0;0;0;0;1;1;0;1;0;0;1;
1;1;1;1;0;1;0;0;1;0;0;0;1;0;1;1;0;0;0;1;0;0;0;0;0;1;1;0;0;0;0;0;0;0;0;0;1;1;1;0;1;1;1;0;0;0;0;0;0;0;0;0;0;0;0;0;1;0;1;0;0;0;1;0;1;0;0;0;1;0;
0;0;0;0;1;0;0;1;0;1;0;0;0;0;0;0;0;1;1;1;1;1;0;0;0;0;0;0;0;0;0;1;0;0;0;0;0;0;0;0;1;0;0;1;0;0;0;0;0;0;0;1;0;1;0;0;1;0;1;0;0;1;1;0;0;0;1;0;1;0;
0;0;0;0;0;0;0;1;0;0;0;0;0;1;0;1;1;0;1;0;1;0;1;0;0;1;1;0;0;0;0;0;0;0;0;0;0;1;1;1;1;1;1;0;0;0;0;0;0;0;0;1;0;1;1;1;0;0;0;1;0;0;1;1;1;1;1;0;0;0;
0;0;0;0;0;0;0;0;1;0;0;1;0;1;0;0;0;0;0;0;1;0;1;0;1;0;0;0;0;0;0;0;0;0;0;0;0;0;0;0;1;0;0;0;1;1;0;0;0;0;0;0;0;1;1;0;1;1;0;1;1;0;1;1;0;1;1;0;1;0;
0;0;1;0;1;0;1;1;0;0;1;1;0;0;0;1;0;1;0;1;0;0;1;0;1;1;0;0;0;1;0;0;0;1;0;0;1;0;0;0;0;1;1;0;1;0;0;0;0;0;0;0;0;0;1;0;1;1;0;0;0;0;0;0;0;0;1;1;0;1;
1;0;1;1;0;0;0;0;0;0;0;0;1;0;1;0;0;1;0;0;1;0;0;1;0;0;0;0;0;0;1;1;0;0;0;0;0;0;1;1;0;1;0;0;1;0;0;1;0;0;0;1;0;0;0;1;0;0;1;0;1;0;0;0;0;0;0;1;0;1;
0;0;0;0;1;0;0;1;0;1;1;0;0;1;0;0;0;1;1;0;1;0;1;0;0;0;1;0;1;1;0;1;0;0;1;0;0;0;1;1;1;0;0;0;0;0;0;0;1;0;1;0;0;0;1;0;0;0;1;0;0;0;0;0;0;1;1;0;1;0;
0;0;1;0;1;1;0;0;0;0;0;1;1;0;1;0;0;0;1;1;1;0;1;0;0;0;1;0;0;1;1;0;1;0;0;0;0;0;0;1;0;0;0;1;1;1;0;1;0;0;1;1;1;0;0;1;0;1;0;0;0;0;0;1;0;0;1;1;0;0;
0;0;0;1;1;0;0;1;0;0;1;0;1;0;1;1;0;1;0;0;1;0;0;0;1;1;0;0;0;0;1;1;0;0;0;0;0;0;0;1;0;0;0;1;0;0;0;0;0;0;0;0;0;0;1;0;1;1;0;0;1;0;0;0;1;1;0;0;1;0;
0;1;0;1;1;0;0;1;0;0;1;0;1;0;0;0;0;0;0;0;1;1;0;0;0;0;0;0;0;0;0;1;0;0;1;0;0;1;0;0;1;0;0;1;0;0;0;0;0;0;0;1;1;0;0;1;0;1;1;1;0;1;1;0;1;0;0;0;1;0;
1;0;0;1;1;0;0;1;0;0;0;0;1;0;0;1;0;1;0;1;1;0;0;0;0;1;0;1;1;0;0;0;0;0;0;0;0;1;1;1;0;0;1;0;1;1;1;1;0;0;1;1;0;1;1;1;0;0;0;0;0;0;0;1;0;0;0;0;0;0;
1;1;0;0;1;0;1;0;0;0;0;1;0;0;0;0;1;0;0;1;0;1;1;0;0;1;1;1;1;0;0;1;0;0;1;1;0;0;1;1;0;1;0;0;0;0;0;1;1;1;0;0;0;0;1;0;0;1;1;0;1;1;0;0;1;0;0;1;0;1;
1;0;0;0;0;0;1;1;0;0;0;0;0;0;0;0;0;0;1;0;1;0;0;1;0;0;1;0;1;0;0;0;0;1;1;0;1;0;1;1;0;0;0;1;0;0;1;1;1;0;0;0;0;1;0;1;0;0;0;1;0;0;0;0;0;0;0;0;0;1;
0;1;0;0;0;0;0;0;0;1;1;1;0;0;0;0;1;0;0;1;1;0;0;0;0;1;0;0;0;1;1;0;0;0;1;0;0;1;1;0;0;0;0;0;0;1;0;0;1;0;1;0;0;0;1;0;0;0;1;0;1;0;0;1;0;1;1;0;0;0;
0;0;0;1;0;1;1;0;0;0;0;0;0;0;0;0;0;0;0;1;0;1;0;0;0;0;0;1;1;0;0;0;0;0;0;0;0;0;0;1;1;1;1;0;1;0;0;0;0;0;1;1;0;0;1;0;0;1;1;0;0;0;0;1;0;1;1;0;0;1;
1;0;0;0;0;0;0;0;0;1;0;1;0;0;0;1;0;0;0;0;0;1;0;0;0;0;0;0;0;0;1;0;0;1;1;0;1;1;0;1;0;0;1;0;0;1;0;0;0;1;0;1;0;0;0;1;0;1;1;0;0;0;0;0;0;0;1;0;0;1;
0;0;0;0;1;1;0;0;0;0;0;0;1;0;0;0;0;0;0;0;0;1;0;1;1;1;0;1;1;0;0;1;1;0;0;0;1;0;0;1;0;1;1;0;0;1;0;0;0;1;0;0;0;0;1;1;1;0;0;0;0;0;1;1;0;1;1;0;1;0;
0;0;0;0;1;0;0;1;0;0;0;0;0;0;0;1;1;0;1;0;0;1;0;1;0;0;0;0;0;1;1;0;1;0;0;0;0;0;0;0;0;0;0;0;0;1;1;1;0;0;1;0;1;0;1;0;0;1;1;1;0;0;1;0;0;0;0;1;0;0;
0;0;1;0;0;1;0;1;0;0;1;0;0;1;0;1;1;1;0;1;0;0;0;1;0;1;0;0;0;0;0;0;0;1;0;0;0;0;0;1;1;1;0;1;0;1;0;0;0;0;1;0;0;0;0;0;1;0;0;1;0;0;1;0;1;1;0;1;1;0;
0;0;0;0;1;0;0;0;1;0;0;0;1;0;0;1;0;0;1;0;1;0;0;0;0;0;0;0;1;1;1;1;1;0;0;1;0;0;1;1;0;1;1;1;0;1;0;0;1;0;0;0;1;1;1;1;1;1;1;0;0;0;0;0;0;0;1;0;0;0;
0;0;0;1;1;0;0;0;0;0;0;0;0;1;1;1;0;0;1;1;0;1;0;0;1;0;1;0;0;1;1;0;0;0;0;1;0;0;1;0;0;1;1;0;0;0;0;0;0;1;0;0;0;0;0;0;0;1;0;0;1;1;0;0;0;0;0;0;1;1;
1;1;0;0;1;1;0;0;1;0;0;1;0;1;0;0;1;0;0;1;0;0;0;0;1;0;1;1;0;0;0;1;0;0;0;0;1;0;0;0;0;1;1;0;0;1;0;0;1;0;0;1;0;0;0;0;0;0;1;0;0;1;1;0;1;0;1;1;0;0;
0;0;1;1;0;0;0;1;1;0;1;0;1;0;0;0;0;1;0;0;1;0;0;1;0;0;1;0;0;0;0;1;0;0;0;0;1;0;0;0;1;0;0;0;0;1;1;0;0;0;0;0;0;1;1;0;0;0;0;1;1;1;0;1;0;1;0;1;0;1;
1;0;1;0;0;0;0;0;0;0;0;1;0;0;0;1;0;0;0;0;0;0;1;0;1;0;1;0;1;0;0;0;0;0;1;0;1;1;0;0;1;0;1;0;0;0;0;0;0;0;0;0;0;1;0;1;1;0;0;0;0;1;0;0;0;1;1;1;0;1;
1;0;0;0;1;1;0;0;0;0;0;0;0;0;1;1;0;0;0;0;0;0;1;0;0;1;1;0;0;0;1;1;0;1;0;0;0;1;0;0;1;0;1;0;0;0;1;0;0;0;0;0;0;0;0;0;0;0;1;1;1;0;0;0;1;1;1;1;0;1;
0;0;1;1;1;0;1;0;0;1;1;1;1;0;0;0;1;1;1;1;0;0;1;1;0;1;0;1;0;0;0;0;0;1;1;0;0;0;1;0;0;0;1;1;1;0;0;0;0;0;1;0;0;1;0;0;0;1;1;0;1;1;0;0;0;0;1;0;0;0;
0;0;1;0;1;0;0;0;0;0;0;0;0;0;0;0;0;0;0;1;0;0;0;0;1;0;0;0;0;0;0;0;0;0;0;0;0;0;0;0;0;0;0;1;1;0;1;1;0;1;0;1;0;0;1;0;0;1;0;0;1;0;0;0;0;0;0;0;0;0;
0;0;0;0;1;1;0;0;0;1;0;0;0;0;1;0;0;0;1;0;0;0;0;0;1;0;0;1;1;0;0;1;0;0;1;0;1;0;0;1;0;0;0;1;0;0;0;1;1;0;1;1;1;0;1;0;0;0;0;0;0;0;1;0;0;0;0;1;1;0;
0;0;0;1;0;1;1;0;0;0;1;0;0;0;1;0;1;0;0;0;0;1;1;0;1;1;0;1;0;1;1;0;1;0;0;1;0;1;0;0;1;1;1;1;1;0;1;0;0;1;1;0;0;0;0;0;0;0;1;0;0;0;0;0;0;1;0;0;0;0;
0;1;0;1;1;0;0;0;0;0;1;1;0;1;1;1;0;0;0;0;1;1;0;0;0;0;0;0;0;0;0;0;1;0;1;0;0;0;1;1;0;0;0;1;0;0;0;0;0;0;0;1;1;0;1;1;1;1;1;1;1;0;1;1;0;0;0;0;0;1;
0;0;1;0;0;1;0;1;1;0;1;1;1;0;1;1;1;0;0;1;1;0;0;0;1;0;1;0;1;0;0;0;0;1;0;0;0;0;1;0;1;0;1;1;1;0;0;0;0;0;1;0;0;0;0;1;0;0;0;1;0;0;0;0;1;1;0;0;1;0;
1;0;0;0;1;0;0;1;0;0;0;0;0;0;1;0;0;0;0;0;0;0;0;0;1;1;0;1;0;0;1;0;0;0;0;0;1;0;0;1;1;0;0;0;1;0;0;0;0;0;0;1;1;0;0;0;1;1;0;0;1;1;0;1;0;0;1;0;1;0;
0;0;0;0;0;1;0;0;0;0;0;0;0;0;1;0;0;0;0;0;1;1;0;0;0;1;0;1;0;0;1;0;0;1;0;0;1;0;1;1;0;0;0;1;1;1;0;0;1;0;1;0;0;0;0;0;1;0;0;0;0;0;0;0;0;0;1;1;1;0;
0;0;0;0;0;0;0;0;0;0;1;1;0;0;1;0;1;1;0;0;1;0;1;1;0;0;0;0;0;1;0;0;0;0;0;0;0;1;0;0;0;1;0;1;0;0;1;0;0;1;0;0;0;0;0;0;0;0;1;0;1;1;0;0;0;1;1;1;0;0;
1;0;0;1;1;1;0;0;1;0;0;0;1;0;0;0;0;0;1;0;0;0;0;0;0;1;0;1;0;1;1;1;0;1;0;1;0;0;0;1;0;0;1;1;0;1;0;1;0;1;1;0;1;0;0;1;1;0;0;1;0;1;0;0;0;0;0;1;1;0;
0;0;0;1;1;0;1;1;1;0;0;0;0;0;0;0;1;0;0;0;0;0;1;0;0;0;0;1;0;0;0;0;0;1;0;1;0;0;0;0;0;0;0;0;0;0;1;0;1;1;0;0;0;1;0;0;1;0;0;1;0;0;0;0;1;0;0;0;0;1;
0;1;0;0;1;1;0;0;1;0;0;1;0;0;0;1;0;1;0;0;0;0;0;0;0;0;0;0;0;0;0;0;1;0;1;1;1;0;1;0;1;1;0;0;1;0;0;0;1;1;0;1;1;0;0;1;0;0;0;0;0;0;1;1;0;0;0;0;0;1;
0;1;0;0;1;1;0;1;1;1;0;1;1;1;0;1;0;0;1;0;1;0;0;0;0;1;0;0;1;0;0;0;0;0;0;1;0;0;1;0;0;0;0;0;0;0;0;0;0;0;1;0;1;0;0;0;1;0;1;0;0;0;0;0;0;0;0;0;0;0;
1;0;1;1;0;0;0;0;1;0;1;0;0;0;0;0;0;1;1;0;0;1;0;0;0;1;1;0;0;1;0;0;1;0;0;1;1;1;0;0;1;0;1;0;0;0;0;1;1;1;0;0;0;1;0;0;0;1;0;0;1;1;0;0;0;0;0;0;0;0;
0;0;0;0;1;0;0;0;0;0;0;0;0;0;0;0;0;0;0;0;0;1;1;0;1;0;0;1;0;1;0;1;0;0;1;0;0;0;0;1;0;0;0;0;0;1;0;1;1;0;0;0;1;1;0;0;0;0;0;0;0;0;0;0;1;0;0;1;0;0;
0;0;0;0;0;1;0;1;0;0;1;1;0;0;0;0;0;0;0;0;0;0;0;0;0;0;0;0;0;0;0;0;0;1;0;0;0;1;1;1;1;0;0;0;0;0;0;0;1;0;0;1;0;0;0;0;0;1;0;0;0;1;0;1;0;0;0;0;1;1;
1;0;0;0;0;1;0;1;1;1;1;1;0;0;0;0;0;0;0;0;0;0;1;0;1;0;0;1;0;0;0;1;0;0;0;0;0;0;0;1;0;0;1;0;0;1;0;1;1;0;1;1;0;0;1;1;0;0;0;0;0;0;1;0;1;0;0;0;0;0;
0;0;1;1;0;0;0;1;0;0;0;1;0;0;1;0;1;0;0;0;1;0;0;0;0;0;0;0;0;1;0;0;0;1;0;0;1;0;0;0;0;1;0;0;1;0;0;0;0;0;1;0;1;0;0;1;0;0;0;0;0;1;1;0;0;1;1;0;0;0;
0;1;1;0;1;0;0;0;0;0;0;0;0;1;1;0;1;1;1;0;1;1;0;0;0;1;0;0;1;1;0;0;0;0;1;0;0;0;0;0;0;1;0;0;0;0;1;1;0;0;0;1;1;0;1;0;1;0;1;1;0;0;0;1;1;0;1;1;0;1;
0;0;0;1;0;1;0;1;0;1;0;0;0;1;1;1;1;0;0;0;1;0;1;0;1;0;0;0;1;0;0;1;0;1;0;0;0;0;1;1;1;0;1;1;0;0;0;0;0;0;0;1;0;0;0;0;0;0;0;0;0;1;1;0;1;1;0;1;1;0;
0;0;0;0;0;0;1;0;0;1;0;0;0;1;1;1;1;0;0;1;0;0;0;0;0;0;1;0;1;0;0;1;1;0;0;0;0;0;0;1;1;0;0;0;0;0;1;1;0;1;0;0;0;0;0;0;0;1;0;0;0;0;1;0;0;0;0;0;0;0;
1;0;1;1;0;0;1;1;1;0;0;0;0;0;0;0;0;1;0;1;1;0;1;0;0;0;0;0;0;1;1;1;1;0;0;1;1;1;0;1;0;0;0;0;0;1;0;0;0;0;1;0;0;1;1;0;0;0;1;0;1;0;0;0;0;0;0;1;0;0;
0;1;0;0;1;0;1;1;1;0;0;0;0;0;0;0;0;1;0;1;0;0;1;1;0;1;1;0;0;1;1;0;0;1;1;0;1;0;0;0;0;0;1;0;0;1;0;0;0;0;0;1;0;1;0;0;0;1;0;1;0;1;1;0;0;0;0;1;0;1;
0;0;0;0;1;0;0;1;0;0;1;1;0;0;0;0;1;1;0;1;0;0;0;1;0;0;1;0;0;1;1;0;0;0;0;0;0;0;0;0;0;0;1;0;1;1;0;0;0;0;1;0;0;0;0;1;0;0;0;0;1;1;1;0;1;1;0;1;0;1;
1;0;0;0;1;0;0;0;0;1;0;0;1;1;1;0;1;0;0;0;0;1;0;1;0;1;1;1;0;0;0;0;1;0;0;0;0;1;0;1;0;0;0;0;1;0;0;0;0;1;1;0;0;1;0;1;0;0;0;1;1;1;1;0;0;0;1;0;0;1;
0;0;0;0;0;0;1;1;0;0;1;1;0;0;0;0;0;1;1;1;0;0;0;1;1;0;1;0;1;0;0;0;0;0;1;0;1;0;0;0;0;0;0;0;0;0;1;1;0;0;0;0;1;1;0;0;1;0;0;0;0;1;1;0;1;0;1;0;0;1;
1;0;0;0;0;0;1;0;1;0;0;1;1;1;0;0;0;1;0;0;0;1;1;0;0;0;0;0;0;0;1;0;0;0;0;1;1;1;0;0;1;1;1;0;0;1;0;0;0;0;1;0;0;0;0;0;0;0;0;0;0;0;1;0;0;1;1;0;0;1;
1;1;0;1;1;0;0;1;1;0;1;0;0;0;1;0;0;1;0;1;0;0;0;1;0;1;0;1;0;1;0;0;0;0;0;1;0;1;0;0;1;0;0;0;0;1;0;0;0;0;1;0;1;1;1;1;0;0;0;1;1;0;1;0;0;0;0;0;0;0;
0;0;1;0;0;0;1;0;0;1;0;1;0;1;1;0;0;0;0;0;1;1;0;0;0;1;0;0;1;1;1;0;0;0;0;0;0;0;0;1;0;0;0;0;0;0;0;0;1;0;1;0;0;1;0;0;0;1;0;1;0;0;0;0;0;0;0;1;0;0;
0;0;0;1;0;0;0;0;0;0;0;0;0;0;1;1;0;0;0;0;1;1;0;1;1;0;0;1;0;0;0;0;1;0;0;0;1;0;0;1;0;1;1;1;1;0;0;0;0;0;0;0;1;0;0;1;0;0;0;0;0;0;1;1;1;1;0;0;1;0;
1;0;0;0;0;0;1;1;0;1;1;0;1;0;0;0;1;0;0;0;1;1;0;1;0;1;0;0;1;1;0;0;0;1;1;0;0;0;1;0;0;0;0;0;1;1;0;0;0;0;0;0;1;1;1;1;0;1;1;0;1;1;0;0;0;0;0;0;1;0;
1;0;0;0;0;1;0;0;0;0;1;0;1;0;1;0;0;1;0;0;0;1;1;1;1;0;0;1;0;0;1;1;0;0;1;0;0;1;1;0;0;1;1;1;0;0;0;0;1;0;0;1;1;1;0;0;0;0;0;1;0;1;0;0;0;1;1;0;0;1;
0;0;0;0;0;0;1;0;0;0;0;0;0;0;0;0;0;0;0;0;1;1;1;0;1;0;0;0;1;0;0;1;0;0;0;0;0;0;0;0;0;0;0;1;1;0;1;0;0;1;1;0;0;0;1;0;0;0;0;0;0;0;1;1;0;1;0;1;0;0;
0;0;0;0;1;0;1;0;1;0;1;0;0;0;1;0;0;0;0;0;0;0;0;0;1;1;0;1;1;0;0;1;0;1;0;1;1;0;1;0;0;0;1;1;0;0;1;0;0;1;0;0;0;0;1;0;0;0;0;0;0;0;0;0;0;0;1;0;0;0;
0;0;1;1;1;0;1;0;0;0;1;0;1;0;0;0;0;0;1;0;0;1;0;0;1;1;0;0;0;0;1;0;0;0;0;0;0;0;0;0;1;0;0;1;0;0;1;0;0;0;0;0;0;0;0;1;0;0;1;1;1;0;0;0;0;0;1;0;0;0;
0;1;0;0;0;0;0;1;1;0;0;0;0;0;0;0;0;1;0;0;0;1;0;0;1;1;1;1;0;0;0;0;0;0;0;0;0;0;0;0;1;0;0;1;1;0;1;1;1;0;1;1;1;0;0;0;0;1;1;0;1;0;1;0;0;1;0;0;1;1;
1;0;1;0;1;0;0;0;0;1;0;0;0;1;1;0;0;1;1;0;0;0;0;0;0;0;0;0;1;1;0;0;0;0;0;1;0;0;0;0;0;1;0;0;0;0;1;1;1;0;0;0;0;0;1;0;1;0;0;0;0;0;0;1;0;0;0;0;1;1;
0;1;0;1;0;0;1;0;1;0;0;0;0;1;0;0;1;1;1;0;1;1;1;1;0;1;1;1;1;1;0;0;0;0;0;1;0;0;0;1;1;0;1;1;0;0;1;0;1;1;0;0;0;0;0;0;1;1;0;1;0;0;0;0;0;1;1;0;1;1;
1;0;0;0;1;1;0;0;0;0;0;0;0;0;0;1;0;0;0;1;0;0;0;1;0;0;0;1;1;1;0;0;1;0;0;0;0;0;0;0;0;1;0;0;0;0;1;0;0;0;1;0;0;0;0;0;1;0;0;0;1;0;0;1;0;0;0;0;0;1;
0;0;0;0;0;0;0;0;0;0;0;1;0;1;0;0;0;1;0;1;1;0;1;1;1;0;0;1;0;0;1;0;1;1;0;0;0;0;0;0;0;1;0;0;0;0;0;1;0;1;0;1;0;0;0;0;0;0;0;0;0;0;1;0;0;1;0;0;1;1;
0;1;0;0;0;1;1;0;0;0;1;0;0;0;0;0;1;1;0;0;0;0;0;0;1;0;0;1;1;0;0;0;0;1;1;0;0;1;0;0;0;0;0;0;0;1;0;0;0;0;0;0;0;0;0;0;0;0;1;1;1;1;1;1;0;1;0;0;0;0;
0;0;0;1;0;0;0;1;1;0;0;0;1;0;1;1;0;1;0;0;0;1;0;1;0;0;0;0;1;1;1;0;0;1;1;1;1;1;0;0;0;0;0;0;0;0;1;0;0;1;1;0;0;1;0;0;1;0;1;0;1;0;0;0;1;0;1;0;1;0;
0;0;0;1;0;0;1;0;1;1;0;0;0;0;0;0;0;0;1;0;1;0;0;0;0;0;1;0;0;0;1;1;1;0;0;1;0;1;1;1;0;0;1;0;0;0;1;1;0;0;1;1;0;1;1;1;0;0;1;1;0;0;0;0;0;0;0;0;1;0;
0;0;0;0;1;0;0;1;1;0;0;0;1;0;1;0;0;1;0;0;0;1;0;0;1;1;0;0;0;1;1;1;0;0;0;0;0;0;0;1;0;1;1;0;0;0;0;0;0;1;1;0;0;0;0;0;1;0;0;1;1;0;0;1;0;0;1;1;0;0;
0;0;0;0;0;0;1;0;0;1;0;0;1;0;0;1;1;0;0;0;0;1;0;0;1;1;0;0;0;0;1;0;1;0;0;0;0;0;1;1;0;0;1;1;1;0;0;0;1;0;0;0;0;1;0;1;0;0;1;0;1;0;0;0;1;1;0;0;0;0;
1;1;0;0;0;1;0;0;1;0;0;1;1;0;0;0;0;1;0;1;0;1;0;0;0;0;1;0;0;1;0;0;0;1;1;1;0;0;0;1;0;0;0;0;0;1;1;0;0;1;0;0;0;0;0;0;0;1;0;0;0;0;1;1;0;0;0;1;0;0;
0;1;0;1;1;0;0;0;0;0;0;1;0;0;1;0;0;0;1;0;0;0;1;1;1;0;0;1;0;1;1;0;0;0;0;0;0;1;0;0;1;1;0;0;1;1;0;0;1;0;1;1;0;0;0;0;1;0;1;1;1;0;0;1;0;1;0;0;0;0;
0;1;1;0;0;0;1;0;1;0;1;0;0;0;1;0;1;0;1;0;1;0;0;0;1;0;1;1;0;0;1;0;1;0;0;1;0;1;1;0;0;1;0;0;0;0;0;0;0;0;0;0;0;0;0;0;0;0;0;0;0;1;0;0;1;1;1;1;1;1;
0;0;0;0;0;0;0;0;0;1;0;1;0;0;1;0;0;0;0;0;0;0;0;1;1;1;0;0;0;0;0;0;0;0;0;1;0;0;0;1;0;0;0;0;1;1;0;1;1;0;0;1;0;0;0;1;0;0;0;0;1;1;0;0;1;0;1;0;0;1;
0;0;1;0;1;0;0;0;0;0;0;1;0;0;0;0;1;1;0;1;1;0;0;0;1;0;0;0;0;0;0;0;0;0;0;0;0;0;0;0;0;1;0;0;1;1;0;0;0;0;0;1;0;0;0;0;0;1;0;1;0;1;1;0;1;0;1;1;1;1;
0;0;0;1;0;1;0;1;0;1;1;0;0;0;1;0;1;0;0;0;0;1;0;0;0;1;1;0;0;0;0;0;0;0;1;1;1;0;0;0;0;1;1;0;0;0;0;0;0;0;0;0;1;0;0;0;1;0;0;1;0;0;0;0;0;1;1;0;0;1;
0;1;0;0;0;1;1;0;0;0;0;0;0;0;0;0;0;0;0;0;1;0;0;0;0;1;1;0;0;0;1;0;0;0;0;0;0;0;1;0;0;0;0;0;0;0;1;1;0;1;1;0;1;1;0;0;0;1;0;0;1;0;1;0;0;1;0;0;0;0;
0;1;0;0;0;1;0;0;1;0;0;0;0;1;1;0;0;0;0;1;0;1;0;0;1;0;0;1;1;1;0;1;0;1;1;1;1;0;0;0;0;0;0;0;0;1;0;0;1;1;0;1;0;1;0;0;0;1;0;1;0;0;0;0;0;1;1;0;0;1;
0;0;0;0;0;0;0;0;1;0;1;0;1;0;0;1;0;0;0;0;0;0;1;0;0;0;0;1;1;1;0;0;0;0;0;0;0;1;0;1;1;0;1;0;1;1;1;0;0;0;1;1;0;0;0;0;0;1;0;1;1;0;0;1;0;0;0;0;1;1;
0;0;0;0;0;0;1;0;0;0;0;0;0;0;0;0;1;0;0;1;0;0;1;0;0;1;0;1;0;0;0;0;0;1;1;1;1;0;0;0;0;0;1;0;1;1;0;0;0;1;0;0;0;1;0;0;0;1;1;0;0;1;1;1;0;0;0;1;0;0;
1;0;0;0;0;1;0;1;0;1;0;1;1;1;0;1;0;0;0;0;0;1;0;1;0;0;1;0;0;0;1;1;0;1;0;0;0;0;1;0;1;1;1;0;0;0;0;1;1;0;1;0;0;1;0;0;0;0;1;0;0;0;1;0;0;1;1;1;0;0;
0;1;0;1;0;0;0;1;1;0;0;0;1;0;1;1;1;1;0;0;0;1;0;1;0;0;0;0;1;0;1;0;1;0;0;0;0;0;0;1;1;0;1;0;0;0;0;1;0;0;1;0;1;0;0;1;0;1;0;1;1;0;0;0;1;0;0;0;0;0;
0;1;0;0;1;1;0;1;0;0;0;1;1;0;1;0;0;1;0;0;0;1;0;0;0;1;0;1;0;0;0;1;0;0;1;1;0;1;1;0;0;0;0;0;0;1;1;0;0;0;0;0;1;1;1;0;0;1;0;0;1;0;0;1;1;0;0;0;1;1;
0;1;0;0;1;0;1;1;0;0;1;1;0;0;0;0;0;0;0;1;0;0;1;1;0;0;1;0;0;0;0;0;1;1;1;1;0;0;0;0;0;1;1;0;0;1;0;0;0;1;0;1;0;0;0;0;1;0;1;0;0;0;1;0;0;0;0;1;0;0;
1;0;1;0;0;0;1;1;0;0;1;0;0;0;1;1;0;0;0;1;0;0;1;1;0;1;1;0;0;1;1;1;1;0;1;0;0;0;0;1;1;1;1;1;0;0;0;0;0;1;1;0;1;0;1;0;1;0;0;1;1;0;0;0;0;0;1;0;0;1;
0;0;0;1;1;1;1;0;0;0;0;0;0;1;1;1;1;0;1;1;0;0;0;0;0;0;0;0;1;0;1;0;0;0;1;0;1;0;0;1;0;0;0;0;0;1;1;1;0;0;0;0;0;1;0;0;0;0;0;0;0;0;0;0;0;1;1;0;0;1;
1;0;0;0;0;0;0;0;1;0;1;0;1;1;0;0;1;0;0;0;0;0;0;0;0;0;1;1;1;0;0;0;0;0;1;0;0;0;0;1;0;1;0;1;1;1;0;0;0;0;0;1;0;0;0;0;0;0;1;0;0;0;0;0;0;0;0;0;1;1;
0;1;0;0;1;1;1;0;1;0;1;0;1;1;0;0;1;0;0;1;1;0;0;1;0;1;1;0;1;0;0;0;0;1;1;0;0;0;0;1;1;1;1;0;0;1;0;0;1;0;0;0;0;1;0;0;0;1;1;0;0;1;0;0;0;1;0;0;1;0;
1;0;0;1;0;0;0;0;0;1;1;1;0;1;0;0;0;0;1;1;1;1;0;1;0;0;0;0;0;1;0;0;0;0;1;1;0;0;0;1;0;1;0;1;1;0;1;1;0;0;0;1;1;0;0;1;0;0;1;0;1;1;1;1;1;0;0;1;1;0;
0;0;1;0;1;0;0;0;0;0;0;0;1;0;0;1;1;0;1;0;0;0;1;0;0;1;0;0;0;0;0;1;0;0;1;1;0;1;0;0;0;0;0;0;0;0;0;0;0;0;0;0;1;0;0;0;0;1;0;0;1;1;0;1;1;0;0;0;0;0;
1;1;1;0;0;0;0;0;0;0;0;1;0;1;0;1;0;1;0;1;0;1;0;0;0;1;1;0;0;0;0;0;1;0;0;0;0;0;0;1;0;1;1;0;0;0;0;1;1;1;0;0;0;0;1;0;0;0;1;1;1;0;0;0;0;1;0;0;0;1;
0;1;0;0;1;0;0;0;0;1;0;0;1;0;1;0;0;0;1;0;1;0;1;1;0;0;1;0;0;0;1;0;0;1;0;1;0;0;1;0;0;0;1;0;0;0;1;1;0;0;0;1;0;0;0;0;1;1;0;0;0;0;0;0;0;0;1;0;0;0;
1;1;0;0;0;0;0;0;0;1;0;1;0;1;1;0;0;0;0;1;0;0;0;0;0;0;1;1;1;1;0;0;0;0;0;0;0;1;1;1;0;1;0;1;0;0;0;0;0;0;1;1;0;1;0;0;0;0;0;0;1;0;1;1;1;0;0;1;0;1;
0;0;0;1;0;1;1;0;1;0;0;0;0;0;0;0;0;1;1;0;0;0;1;1;1;0;0;1;0;0;0;1;0;1;0;1;0;1;0;1;0;1;0;0;0;0;1;1;0;0;0;1;0;0;0;1;1;0;0;0;0;1;1;1;0;1;0;0;0;1;
0;1;0;0;0;0;0;1;0;0;1;0;1;1;1;0;0;0;0;1;0;0;0;0;1;0;0;1;0;1;0;1;0;0;0;0;1;1;0;0;1;1;0;1;0;0;0;0;0;1;0;0;1;0;0;0;0;1;1;0;0;0;0;0;0;0;1;0;0;1;
0;1;0;0;0;0;0;1;0;0;0;0;1;1;0;1;0;0;0;1;0;1;1;0;1;1;1;0;1;0;1;1;0;1;1;0;1;0;1;0;0;1;0;1;0;0;1;0;0;1;0;0;0;0;0;0;0;1;1;1;0;0;0;0;0;0;0;1;1;0;
0;0;1;1;0;1;1;1;0;1;1;1;0;0;0;1;0;1;0;0;0;0;1;1;0;0;1;0;1;0;1;0;1;0;0;0;0;0;0;0;1;0;0;1;0;0;1;0;1;0;0;0;0;0;1;0;0;0;0;0;1;0;0;0;0;0;0;0;0;0;
0;0;1;0;0;0;0;1;0;1;0;1;1;1;0;1;0;0;0;0;0;0;0;0;1;1;0;1;1;0;0;1;0;0;1;1;0;1;0;0;1;0;1;0;0;0;1;0;1;1;0;0;0;0;1;0;0;1;0;0;0;0;0;0;1;1;0;0;1;1;
0;0;0;0;0;0;1;0;1;0;1;1;0;0;0;0;1;1;0;1;0;0;0;0;0;0;1;0;0;0;0;1;0;0;0;1;1;0;1;1;0;0;0;1;0;1;0;1;0;0;0;0;1;0;0;0;0;1;0;0;1;0;0;0;0;1;0;0;1;1;
0;0;0;1;1;0;0;1;1;1;0;1;1;0;0;1;1;0;0;1;0;0;0;0;1;0;0;0;0;0;1;0;0;0;1;1;0;0;1;0;1;0;1;0;0;1;1;0;0;0;0;1;0;0;0;1;0;0;0;0;0;0;1;0;0;0;0;0;0;1;
1;0;0;0;0;0;0;1;0;1;1;0;0;1;0;0;0;1;0;1;1;0;1;0;0;1;0;0;0;0;1;0;0;0;1;0;0;1;1;0;0;1;1;0;0;0;1;1;0;1;0;0;0;0;1;1;0;1;1;0;0;0;1;0;0;0;0;0;1;0;
0;0;0;1;0;0;0;1;0;0;1;0;0;1;0;0;0;1;1;0;1;0;0;0;0;0;0;1;0;0;0;1;1;1;0;0;1;0;1;1;0;0;1;0;1;0;1;0;0;0;0;0;1;0;1;0;0;1;1;1;0;0;0;0;0;0;1;0;0;0;
1;0;0;0;0;0;0;0;0;1;0;0;0;0;0;0;0;0;1;1;0;0;0;0;1;0;0;0;1;0;1;0;1;1;0;0;1;0;1;0;1;0;0;1;0;0;1;0;0;0;1;0;0;1;1;1;0;1;0;1;1;1;0;0;0;0;0;0;1;0;
0;1;1;1;0;1;0;0;1;0;0;0;0;0;0;1;1;1;0;1;0;1;0;1;1;1;1;0;1;1;0;1;0;0;0;0;0;1;0;1;0;0;1;1;0;0;0;1;1;0;1;1;1;0;0;0;0;1;1;1;0;0;0;0;0;0;1;1;1;0;
0;1;0;0;0;0;0;1;0;1;1;1;0;0;0;0;0;0;0;0;1;0;0;1;0;0;0;0;1;1;0;0;0;1;0;0;1;0;0;0;1;1;1;0;0;0;0;0;0;0;1;0;0;0;0;1;0;0;1;0;0;1;1;0;0;1;0;0;0;0;
0;0;0;0;0;0;0;0;0;0;0;1;0;0;0;0;0;0;1;0;0;1;1;0;0;0;1;0;1;0;0;0;1;0;0;0;0;0;0;0;0;0;1;1;0;0;1;0;1;0;0;1;0;0;1;1;1;1;1;0;0;1;0;1;1;0;1;1;0;1;
1;0;0;0;1;0;0;0;1;0;1;1;0;0;1;0;0;0;0;0;0;1;0;0;0;1;0;1;0;0;1;0;0;0;1;0;0;1;0;0;0;1;0;0;0;0;0;0;1;0;1;0;0;0;1;1;1;1;0;1;0;1;0;0;0;0;0;1;0;0;
0;0;1;0;1;1;1;0;1;0;1;0;0;0;0;0;0;0;0;0;1;0;0;0;0;1;0;0;0;0;0;0;1;1;1;1;1;0;0;0;1;0;0;1;1;0;0;0;0;0;1;0;0;0;1;0;1;0;0;1;0;0;0;1;0;0;0;1;0;0;
0;1;0;0;0;1;0;1;1;0;0;0;0;0;0;1;1;0;0;1;0;0;0;0;0;0;0;0;1;0;1;1;1;0;0;1;0;0;0;0;0;0;1;0;1;1;0;0;1;0;0;1;0;0;1;0;0;0;0;0;0;1;0;0;0;1;1;0;1;1;
1;0;1;0;0;1;0;0;0;0;1;0;0;1;0;1;1;1;0;0;0;1;0;1;1;0;0;0;0;0;1;1;0;0;0;0;1;1;0;0;0;0;0;0;0;0;0;0;0;1;0;0;0;1;0;1;1;0;0;0;1;0;1;0;0;1;0;0;1;0;
0;1;0;0;0;0;1;1;0;1;0;0;0;0;1;0;1;1;0;0;0;1;0;1;1;0;1;1;0;0;1;0;0;1;0;1;1;1;0;0;1;1;1;0;0;0;0;0;0;0;0;0;1;1;1;0;1;0;0;1;0;1;0;0;0;0;1;0;1;1;
0;0;1;1;0;0;0;1;1;1;1;0;0;1;0;0;1;0;0;1;0;1;0;0;1;0;1;1;0;0;0;0;0;1;0;0;0;0;1;0;1;0;0;0;1;0;0;0;0;1;1;0;0;0;0;1;0;1;0;0;0;0;1;1;1;0;0;1;1;1;
0;0;1;0;0;0;0;0;1;0;0;0;0;0;0;0;0;1;1;1;0;1;1;1;0;1;0;0;0;1;0;0;0;1;0;1;0;0;0;0;0;0;0;0;0;1;0;1;1;1;0;1;0;0;0;0;0;0;0;0;0;0;0;1;0;1;0;0;0;0;
0;0;1;0;0;1;1;0;0;0;0;1;1;0;1;1;0;0;0;0;0;0;1;1;1;1;0;0;0;1;0;1;1;0;1;1;0;1;0;1;1;0;0;0;1;1;0;0;1;0;1;1;0;0;0;1;0;0;0;0;0;0;1;0;1;0;0;0;1;0;
0;1;0;1;0;0;0;1;0;0;1;0;1;0;0;0;0;0;0;0;0;0;0;1;0;1;0;0;1;1;0;0;0;1;1;1;1;0;0;0;1;0;0;0;0;1;0;0;1;0;0;1;0;0;0;1;0;0;1;1;0;0;1;1;1;0;0;1;0;0;
1;0;0;1;0;1;0;1;1;0;0;0;0;0;0;1;1;0;0;0;1;1;0;0;0;0;0;0;0;1;1;0;0;0;1;0;1;0;0;0;0;0;0;0;0;0;0;0;1;1;1;0;0;1;0;0;1;0;0;0;1;0;1;1;0;0;0;1;0;1;
1;0;0;0;0;0;1;1;0;0;0;0;0;0;0;0;0;0;0;1;0;1;1;0;0;1;0;0;0;0;1;1;0;0;1;1;0;0;0;0;0;0;1;0;0;0;0;0;0;0;0;0;1;0;0;1;0;0;1;0;0;1;0;1;0;1;0;0;1;0;
0;0;1;0;0;1;0;0;0;0;0;0;0;1;1;1;0;1;0;1;0;0;0;1;1;0;0;0;1;1;0;1;1;1;1;1;0;0;0;1;0;0;1;0;1;0;0;0;1;1;1;1;0;0;0;1;0;0;0;1;0;1;0;0;0;0;1;0;1;1;
0;0;1;1;0;0;0;1;0;1;0;0;0;0;1;0;0;0;0;1;0;1;0;0;1;0;0;0;1;1;0;1;1;0;0;1;1;1;0;0;0;0;0;0;0;1;0;0;0;1;0;1;0;0;0;1;0;1;0;0;0;1;0;1;1;0;0;0;1;0;
0;1;0;0;0;0;0;0;1;1;1;1;0;0;0;0;0;0;1;1;0;0;0;0;0;0;0;0;0;0;0;1;1;0;1;0;0;0;0;1;0;0;1;1;0;1;0;0;1;0;0;1;1;0;1;1;1;0;0;0;1;0;0;0;0;0;0;0;0;0;
0;0;0;1;1;1;0;1;1;1;0;0;0;0;0;1;0;0;1;1;1;0;1;0;1;1;0;1;1;1;1;1;0;1;0;0;0;0;1;0;0;0;0;0;1;0;0;0;0;1;0;0;0;0;0;1;0;0;0;0;0;0;0;1;0;0;1;0;0;0;
0;0;0;0;0;1;0;0;0;0;0;0;1;0;0;0;0;1;0;0;1;1;1;0;0;0;0;0;0;0;1;0;0;1;0;0;1;0;0;1;1;0;1;0;1;1;0;0;0;0;0;0;1;0;0;0;1;1;0;1;1;1;0;0;0;0;0;0;0;0;
0;0;0;0;1;0;1;1;0;0;0;0;1;0;0;0;0;0;0;0;1;0;1;0;1;0;0;0;0;0;0;1;0;0;1;1;0;0;0;0;0;0;1;0;0;0;0;1;1;0;0;0;0;0;0;0;1;0;0;0;1;0;0;0;0;0;0;0;1;1;
1;1;1;0;1;1;0;1;0;0;1;0;0;0;0;0;1;0;1;1;1;0;1;0;0;0;1;0;0;0;0;1;0;0;0;0;1;0;0;1;0;0;1;0;1;0;1;0;0;0;0;1;1;1;0;0;1;0;1;1;0;0;1;0;0;0;1;0;1;0;
1;1;0;0;1;1;0;0;0;0;0;1;1;1;0;1;0;0;1;1;0;0;0;0;1;1;0;0;0;0;0;1;0;0;1;1;1;0;1;0;0;1;0;0;0;0;0;0;0;0;1;0;0;1;1;0;0;0;0;0;1;0;0;1;1;1;0;0;0;0;
1;1;0;0;0;0;0;0;0;1;0;0;0;1;0;0;0;0;0;0;1;1;1;1;0;0;0;0;0;0;0;0;1;0;0;0;0;0;0;1;0;0;1;0;1;0;0;0;0;0;1;0;0;0;0;0;0;0;0;1;1;0;1;0;0;0;0;1;0;0;
0;1;0;0;1;0;1;0;0;0;0;0;1;1;0;0;1;0;1;0;1;0;1;0;0;0;0;0;0;1;0;1;0;0;0;1;0;0;0;0;0;0;0;0;1;0;1;0;0;0;0;0;0;1;0;0;1;0;1;1;0;0;0;0;1;0;1;1;0;0;
0;0;0;0;0;1;0;0;1;0;0;1;0;1;0;0;0;0;0;0;0;0;0;1;0;1;0;0;0;0;0;0;0;0;1;1;1;1;0;0;1;1;0;1;1;0;0;0;1;1;0;0;0;0;1;1;1;0;1;1;1;1;1;0;1;0;0;0;1;0;
1;0;0;0;1;0;1;0;0;0;0;1;0;0;1;0;1;0;1;1;1;0;0;0;1;1;0;0;1;0;0;0;1;0;0;0;0;0;1;0;0;1;1;0;0;1;0;0;1;1;0;1;0;0;1;1;1;0;1;0;0;0;0;1;0;1;1;0;0;0;
0;0;0;0;0;1;1;0;0;0;0;1;0;0;0;0;0;0;0;0;1;0;0;0;0;0;1;0;0;0;0;1;0;0;0;0;0;0;0;0;1;0;0;0;0;0;0;1;0;0;0;0;0;0;0;0;0;1;1;1;1;0;0;0;0;0;0;0;1;1;
0;0;0;0;1;0;0;0;0;1;0;1;0;1;0;0;1;0;1;0;0;0;0;1;0;0;0;0;0;0;1;0;0;0;0;0;0;0;0;1;1;0;0;0;1;0;0;0;1;0;0;0;0;0;0;0;0;1;0;1;1;0;0;0;1;1;1;1;0;1;
0;0;1;0;0;0;0;1;0;1;0;1;0;0;0;1;0;0;0;0;1;0;0;0;1;1;0;0;0;0;0;0;0;0;0;0;0;0;0;1;0;0;0;0;0;0;0;0;0;0;0;1;0;0;0;0;0;1;0;0;0;1;0;0;0;1;0;1;1;0;
0;1;0;0;0;0;0;0;0;0;0;1;1;0;0;1;0;1;0;0;0;0;1;0;1;0;1;0;0;0;1;0;0;0;1;0;0;1;1;0;0;0;1;0;1;0;1;0;0;0;0;0;1;0;0;0;1;0;1;0;0;0;0;1;0;1;1;1;0;0;
0;0;0;0;0;0;0;0;0;0;0;0;0;1;0;0;0;1;0;0;1;0;0;0;0;0;0;1;1;0;1;0;0;1;1;0;0;1;0;0;1;0;1;0;0;1;0;0;0;0;0;1;0;0;0;0;1;0;1;0;1;0;0;0;1;1;0;0;0;0;
1;0;0;0;0;0;0;0;0;0;0;0;1;0;1;1;1;0;0;0;0;1;0;0;0;1;0;0;0;0;0;1;0;0;0;0;0;1;0;0;1;0;0;0;1;1;0;0;1;0;0;0;0;0;0;0;0;0;0;0;0;0;0;0;0;0;0;0;0;0;
0;0;0;0;0;1;1;0;0;0;0;0;0;0;0;0;1;0;0;1;1;0;0;1;0;0;0;0;0;0;1;0;1;0;0;1;1;1;1;1;1;1;1;1;1;0;1;0;0;1;1;1;1;1;0;1;0;1;0;0;0;1;0;0;1;0;1;0;1;0;
0;1;0;1;0;0;0;1;0;1;0;1;0;1;1;0;1;0;0;0;1;0;1;1;0;0;1;1;1;1;0;1;0;0;0;0;0;0;1;0;1;1;1;1;1;0;0;0;0;0;0;0;0;0;0;0;1;1;1;0;0;0;1;0;1;1;0;1;1;0;
0;1;0;0;0;1;0;0;1;1;1;0;0;1;0;1;0;0;0;0;0;1;1;0;1;0;0;1;0;0;0;1;1;0;0;0;0;0;0;1;0;1;0;0;0;0;0;0;0;1;1;0;0;0;0;0;0;1;0;0;1;0;1;0;0;1;0;1;1;0;
1;0;1;0;0;0;1;0;0;1;0;1;0;1;0;0;0;0;0;1;0;1;1;1;1;0;0;0;1;1;0;0;0;1;0;0;1;0;0;1;0;1;0;0;0;0;1;0;0;1;1;0;0;1;1;0;0;0;1;0;1;1;0;0;0;1;0;0;1;0;
0;0;0;1;1;0;1;0;0;1;0;0;0;1;0;0;1;0;0;0;0;0;0;0;0;0;0;1;1;0;0;0;1;0;0;0;1;1;0;0;0;1;1;1;0;1;1;1;0;1;0;0;1;0;1;0;0;0;0;1;1;1;0;0;0;1;0;1;0;0;
1;0;1;0;0;1;0;1;0;0;0;0;0;0;0;1;0;0;0;0;0;0;0;1;1;0;0;1;1;0;0;0;0;0;0;1;0;1;0;0;1;0;0;1;0;0;0;0;0;0;0;1;1;0;0;0;0;0;1;1;1;0;0;0;1;0;0;1;1;0;
0;0;1;1;1;1;0;0;0;0;1;0;0;0;1;0;0;1;1;0;0;0;0;0;0;0;0;0;1;0;0;0;1;0;0;0;1;1;0;1;0;1;0;0;1;0;0;1;1;0;0;1;0;1;0;0;0;0;0;1;1;0;0;1;0;1;0;1;0;0;
0;1;0;0;1;0;0;0;1;0;1;1;0;1;0;0;1;0;0;0;0;0;1;0;0;1;1;0;0;1;0;0;0;0;1;0;1;0;0;0;0;1;1;0;0;0;1;1;1;0;1;1;0;0;0;0;1;1;0;1;0;0;0;1;0;1;0;0;1;0;
1;0;1;1;0;1;1;1;0;0;0;0;0;0;0;0;0;0;1;0;1;0;1;1;0;0;0;0;1;0;1;0;0;0;1;1;0;0;0;0;1;0;0;0;0;0;1;0;0;0;0;1;0;1;0;1;0;1;1;1;0;0;0;0;0;1;0;0;0;0;
1;1;0;1;0;0;0;0;1;0;0;1;0;0;0;1;1;1;0;0;0;1;0;0;0;0;1;1;0;1;0;0;0;1;0;1;1;0;0;0;0;0;1;0;0;0;0;1;1;0;1;0;0;0;0;1;0;1;0;0;1;0;0;1;1;1;1;0;1;0;
1;1;0;1;1;0;0;0;1;0;0;1;0;0;1;0;0;1;0;0;0;0;0;0;0;0;0;0;0;0;0;0;0;1;0;0;1;0;0;0;0;0;0;0;1;1;1;0;1;0;0;1;1;1;0;1;0;0;1;1;0;0;0;1;0;0;0;0;0;0;
0;1;0;0;0;1;0;0;0;0;1;1;0;0;1;0;1;1;1;0;0;0;1;0;1;0;0;1;0;0;1;0;1;1;0;0;0;0;0;0;1;0;1;0;0;0;0;1;1;0;0;1;0;0;0;1;0;0;0;0;0;0;0;1;0;1;1;0;0;0;
0;1;0;1;1;0;1;0;1;0;0;0;0;0;0;0;1;0;0;0;0;0;1;1;0;0;0;0;0;0;0;0;1;0;1;0;0;0;1;0;1;0;1;1;0;0;0;1;0;0;0;0;0;0;1;0;1;0;1;1;1;1;1;0;1;0;0;1;1;0;
1;0;0;0;1;0;0;0;1;1;0;1;1;0;0;0;0;0;0;0;0;1;1;1;0;0;0;0;0;0;0;1;0;0;0;1;0;1;0;0;0;0;0;0;0;0;0;0;0;0;0;0;0;1;1;0;0;0;1;0;0;1;0;0;1;1;1;0;0;0;
